%YAML 1.1
%TAG !u! tag:unity3d.com,2011:
--- !u!114 &11400000
MonoBehaviour:
  m_ObjectHideFlags: 0
  m_CorrespondingSourceObject: {fileID: 0}
  m_PrefabInstance: {fileID: 0}
  m_PrefabAsset: {fileID: 0}
  m_GameObject: {fileID: 0}
  m_Enabled: 1
  m_EditorHideFlags: 0
  m_Script: {fileID: 11500000, guid: ebf957c00f66ead4da5f6b9b18cc2bda, type: 3}
  m_Name: LevelGlobalConfig
  m_EditorClassIdentifier: Assembly-CSharp::LevelGlobalConfig
  levelConfigs:
  - level: 1
    time: -1
    totalColor: 4
    difficult: 0
    colorFirstHint:
    - {r: 0.88235295, g: 0.44313726, b: 0.4745098, a: 1}
    - {r: 0.4745098, g: 0.89411765, b: 0.6313726, a: 1}
    - {r: 0.94509804, g: 0.73333335, b: 0.42352942, a: 1}
    - {r: 0.39607844, g: 0.74509805, b: 0.9019608, a: 1}
    colorSecret:
    - {r: 0.88235295, g: 0.44313726, b: 0.4745098, a: 1}
    - {r: 0.39607844, g: 0.74509805, b: 0.9019608, a: 1}
    - {r: 0.4745098, g: 0.89411765, b: 0.6313726, a: 1}
    - {r: 0.94509804, g: 0.73333335, b: 0.42352942, a: 1}
  listColors:
  - {r: 0.882353, g: 0.4431373, b: 0.47450984, a: 1}
  - {r: 0.47450984, g: 0.8941177, b: 0.6313726, a: 1}
  - {r: 0.9450981, g: 0.73333335, b: 0.42352945, a: 1}
  - {r: 0.39607847, g: 0.74509805, b: 0.90196085, a: 1}
  - {r: 0.9333334, g: 0.8980393, b: 0.47058827, a: 1}
  - {r: 0.7490196, g: 0.5019608, b: 0.9176471, a: 1}
  - {r: 0.57254905, g: 0.909804, b: 0.9215687, a: 1}
