%YAML 1.1
%TAG !u! tag:unity3d.com,2011:
--- !u!114 &11400000
MonoBehaviour:
  m_ObjectHideFlags: 0
  m_CorrespondingSourceObject: {fileID: 0}
  m_PrefabInstance: {fileID: 0}
  m_PrefabAsset: {fileID: 0}
  m_GameObject: {fileID: 0}
  m_Enabled: 1
  m_EditorHideFlags: 0
  m_Script: {fileID: 11500000, guid: b75d98725b3fc5f4aa51276b642984f0, type: 3}
  m_Name: LevelDesign
  m_EditorClassIdentifier: Assembly-CSharp::LevelDesign
  colorDefault:
  - {r: 0.882353, g: 0.4431373, b: 0.47450984, a: 1}
  - {r: 0.4745098, g: 0.89411765, b: 0.6313726, a: 1}
  - {r: 0.9450981, g: 0.73333335, b: 0.42352945, a: 1}
  - {r: 0.39607847, g: 0.74509805, b: 0.90196085, a: 1}
  - {r: 0.9333334, g: 0.8980393, b: 0.47058827, a: 1}
  - {r: 0.57254905, g: 0.909804, b: 0.9215687, a: 1}
  - {r: 1, g: 0.6666667, b: 0.3529412, a: 1}
  - {r: 0.21226415, g: 0.8490566, b: 0.40381956, a: 1}
  - {r: 0.42352942, g: 0.48235294, b: 0.9882353, a: 1}
  - {r: 0.9412928, g: 0.66460484, b: 0.9716981, a: 1}
  - {r: 0.10435206, g: 0.55249816, b: 0.6320754, a: 1}
  - {r: 0.735849, g: 0.53890496, b: 0.17702027, a: 1}
  - {r: 1, g: 0.7105036, b: 0.6084906, a: 1}
  - {r: 0.5471698, g: 0.21715093, b: 0.16260235, a: 1}
  - {r: 0.2834639, g: 0.6603774, b: 0.60747725, a: 1}
  - {r: 0.5516484, g: 0.7735849, b: 0.29556784, a: 1}
  - {r: 0.71668065, g: 0.2728729, b: 0.7924528, a: 1}
  - {r: 1, g: 0.3164557, b: 0.25, a: 1}
  level: 14
  colorShowFirst:
  - {r: 0.93333334, g: 0.8980392, b: 0.47058824, a: 1}
  - {r: 0.94509804, g: 0.73333335, b: 0.42352942, a: 1}
  - {r: 0.4745098, g: 0.89411765, b: 0.6313726, a: 1}
  - {r: 0.57254905, g: 0.9098039, b: 0.92156863, a: 1}
  colorSecret:
  - {r: 0.39607844, g: 0.74509805, b: 0.9019608, a: 1}
  - {r: 0.4745098, g: 0.89411765, b: 0.6313726, a: 1}
  - {r: 0.88235295, g: 0.44313726, b: 0.4745098, a: 1}
  - {r: 0.94509804, g: 0.73333335, b: 0.42352942, a: 1}
  colorInLevel:
  - {r: 0.88235295, g: 0.44313726, b: 0.4745098, a: 1}
  - {r: 0.4745098, g: 0.89411765, b: 0.6313726, a: 1}
  - {r: 0.94509804, g: 0.73333335, b: 0.42352942, a: 1}
  - {r: 0.39607844, g: 0.74509805, b: 0.9019608, a: 1}
